001
002
003
004
20251019102432
20251020140700
20251020193000
20251020232438
20251021094500
20251021094501
20251021094502
20251021094503
20251021094504
20251021094505
20251021152000
20251022224206
20251026104600
20251026104700
20251026104800
20251026104900
20251026105000
20251026105100
20251026161309
20251026162123
20251026163200
20251026164913
20251026171000
20251026180000
20251026192000
20251026221500
20251027000001
20251027000002
20251027115900
20251027120000
20251027164000
20251027211000
20251028034500
20251028064000
20251029165000
20251029170500
20251029183500
20251030082500
20251030142300
20251031084900
20251031162000
20251101092000
20251101104500
20251101113124
20251101170000
20251102113337
20251102114500
20251102115500
20251103090100
20251103090200
20251103090300
20251103090400
20251103090500
20251103090600
20251103090700
20251103090800
20251103100000
20251103123000
20251105000000
20251105140100
20251105191118
20251106110000
20251106113000
20251106235900
20251107001500
20251107060000
20251107061000
20251107063000
20251107093000
20251107094000
20251107183000
20251110120000
20251110123000
20251112195000
20251113090000
20251113131500
20251113203000
20251114003000
20251114140643
20251116
20251117190000
20251117205000
20251118130000
20251118141000
20251118160000
20251118170000
20251119135621
20251121195000
20251124144000
20251125141000
20251126000000
20251129163735
20251130170000
20251202120000
20251202160000
20251202161000
